48 49 53 18
5 9 24 27
2 0 7 3
48 52 54 55
32 38 39 36
6 37 41 56
7 6 40 11
32 38 37 33
6 0 5 4
23 1 16 20
23 2 1 6
23 6 27 56
32 2 37 36
56 61 57 62
42 46 40 41
9 5 10 27
29 24 30 25
0 1 6 5
22 23 16 20
13 12 14 8
1 23 6 5
38 36 42 43
37 38 42 59
6 10 27 56
40 6 41 10
52 48 53 18
2 0 1 6
0 2 7 6
7 0 6 4
4 6 11 10
2 32 37 33
23 6 56 52
38 32 37 36
37 38 36 42
6 41 10 56
23 52 18 19
32 38 33 34
2 33 52 48
32 38 34 39
35 32 34 39
52 59 54 55
24 29 30 28
38 39 36 43
2 7 6 36
2 6 37 36
7 2 3 36
3 2 32 36
23 6 5 27
56 61 62 60
46 45 40 41
36 42 43 40
6 7 4 11
1 23 5 20
23 22 16 18
36 42 40 41
42 46 41 63
23 52 22 18
14 9 8 10
36 37 42 41
14 13 9 31
24 30 25 26
58 56 59 52
6 37 36 41
6 36 40 41
42 47 43 40
7 6 36 40
5 6 10 27
45 44 46 40
56 58 63 62
47 42 46 40
44 47 46 40
12 15 14 8
6 40 11 10
30 24 28 31
13 14 9 8
56 58 59 63
44 45 14 10
45 40 41 10
15 14 8 10
11 15 8 10
4 11 8 10
9 4 8 10
5 6 4 10
5 4 9 10
44 15 11 10
15 44 14 10
45 44 40 10
40 44 11 10
45 41 63 60
1 23 16 19
23 2 52 19
22 16 18 17
26 61 56 60
48 54 49 50
41 56 63 60
63 56 62 60
37 2 33 52
58 56 57 62
52 48 18 19
9 13 28 31
14 9 10 31
10 9 27 31
24 9 28 31
9 24 27 31
27 24 26 31
24 30 26 31
61 26 56 57
56 58 57 52
56 37 59 52
42 41 59 63
37 41 56 59
37 42 41 59
52 2 48 19
37 59 52 55
6 37 56 52
46 45 41 63
41 56 59 63
30 26 31 60
30 61 26 60
27 26 56 60
26 27 31 60
41 45 10 60
41 10 56 60
10 27 56 60
27 10 31 60
45 14 10 60
10 14 31 60
23 2 6 52
6 2 37 52
52 53 22 18
16 22 21 17
59 58 52 54
22 16 21 20
52 48 54 53
54 48 49 53
58 52 54 53
58 57 52 53
37 38 59 55
33 52 48 55
51 33 48 55
48 54 50 55
51 48 50 55
33 51 34 55
38 33 34 55
38 37 33 55
33 37 52 55
2 23 1 19
57 52 53 22
16 23 18 19
26 56 57 22
56 23 52 22
57 56 52 22
26 27 56 22
27 23 56 22
24 5 27 20
5 23 27 20
27 23 22 20
25 24 26 20
25 26 21 20
24 27 26 20
26 22 21 20
26 27 22 20
